qc_program : orca
descriptor_lst : ['sigma', 'sigma_orth', 'elmnt_nr', 'group', 'mol_charge']
a_eff : 6.226
r_av : 0.5
sigma_min : -0.15
sigma_max : 0.15
sigma_step : 0.001
sigma_grid : [-1.50000000e-01 -1.49000000e-01 -1.48000000e-01 -1.47000000e-01
 -1.46000000e-01 -1.45000000e-01 -1.44000000e-01 -1.43000000e-01
 -1.42000000e-01 -1.41000000e-01 -1.40000000e-01 -1.39000000e-01
 -1.38000000e-01 -1.37000000e-01 -1.36000000e-01 -1.35000000e-01
 -1.34000000e-01 -1.33000000e-01 -1.32000000e-01 -1.31000000e-01
 -1.30000000e-01 -1.29000000e-01 -1.28000000e-01 -1.27000000e-01
 -1.26000000e-01 -1.25000000e-01 -1.24000000e-01 -1.23000000e-01
 -1.22000000e-01 -1.21000000e-01 -1.20000000e-01 -1.19000000e-01
 -1.18000000e-01 -1.17000000e-01 -1.16000000e-01 -1.15000000e-01
 -1.14000000e-01 -1.13000000e-01 -1.12000000e-01 -1.11000000e-01
 -1.10000000e-01 -1.09000000e-01 -1.08000000e-01 -1.07000000e-01
 -1.06000000e-01 -1.05000000e-01 -1.04000000e-01 -1.03000000e-01
 -1.02000000e-01 -1.01000000e-01 -1.00000000e-01 -9.90000000e-02
 -9.80000000e-02 -9.70000000e-02 -9.60000000e-02 -9.50000000e-02
 -9.40000000e-02 -9.30000000e-02 -9.20000000e-02 -9.10000000e-02
 -9.00000000e-02 -8.90000000e-02 -8.80000000e-02 -8.70000000e-02
 -8.60000000e-02 -8.50000000e-02 -8.40000000e-02 -8.30000000e-02
 -8.20000000e-02 -8.10000000e-02 -8.00000000e-02 -7.90000000e-02
 -7.80000000e-02 -7.70000000e-02 -7.60000000e-02 -7.50000000e-02
 -7.40000000e-02 -7.30000000e-02 -7.20000000e-02 -7.10000000e-02
 -7.00000000e-02 -6.90000000e-02 -6.80000000e-02 -6.70000000e-02
 -6.60000000e-02 -6.50000000e-02 -6.40000000e-02 -6.30000000e-02
 -6.20000000e-02 -6.10000000e-02 -6.00000000e-02 -5.90000000e-02
 -5.80000000e-02 -5.70000000e-02 -5.60000000e-02 -5.50000000e-02
 -5.40000000e-02 -5.30000000e-02 -5.20000000e-02 -5.10000000e-02
 -5.00000000e-02 -4.90000000e-02 -4.80000000e-02 -4.70000000e-02
 -4.60000000e-02 -4.50000000e-02 -4.40000000e-02 -4.30000000e-02
 -4.20000000e-02 -4.10000000e-02 -4.00000000e-02 -3.90000000e-02
 -3.80000000e-02 -3.70000000e-02 -3.60000000e-02 -3.50000000e-02
 -3.40000000e-02 -3.30000000e-02 -3.20000000e-02 -3.10000000e-02
 -3.00000000e-02 -2.90000000e-02 -2.80000000e-02 -2.70000000e-02
 -2.60000000e-02 -2.50000000e-02 -2.40000000e-02 -2.30000000e-02
 -2.20000000e-02 -2.10000000e-02 -2.00000000e-02 -1.90000000e-02
 -1.80000000e-02 -1.70000000e-02 -1.60000000e-02 -1.50000000e-02
 -1.40000000e-02 -1.30000000e-02 -1.20000000e-02 -1.10000000e-02
 -1.00000000e-02 -9.00000000e-03 -8.00000000e-03 -7.00000000e-03
 -6.00000000e-03 -5.00000000e-03 -4.00000000e-03 -3.00000000e-03
 -2.00000000e-03 -1.00000000e-03  1.38777878e-16  1.00000000e-03
  2.00000000e-03  3.00000000e-03  4.00000000e-03  5.00000000e-03
  6.00000000e-03  7.00000000e-03  8.00000000e-03  9.00000000e-03
  1.00000000e-02  1.10000000e-02  1.20000000e-02  1.30000000e-02
  1.40000000e-02  1.50000000e-02  1.60000000e-02  1.70000000e-02
  1.80000000e-02  1.90000000e-02  2.00000000e-02  2.10000000e-02
  2.20000000e-02  2.30000000e-02  2.40000000e-02  2.50000000e-02
  2.60000000e-02  2.70000000e-02  2.80000000e-02  2.90000000e-02
  3.00000000e-02  3.10000000e-02  3.20000000e-02  3.30000000e-02
  3.40000000e-02  3.50000000e-02  3.60000000e-02  3.70000000e-02
  3.80000000e-02  3.90000000e-02  4.00000000e-02  4.10000000e-02
  4.20000000e-02  4.30000000e-02  4.40000000e-02  4.50000000e-02
  4.60000000e-02  4.70000000e-02  4.80000000e-02  4.90000000e-02
  5.00000000e-02  5.10000000e-02  5.20000000e-02  5.30000000e-02
  5.40000000e-02  5.50000000e-02  5.60000000e-02  5.70000000e-02
  5.80000000e-02  5.90000000e-02  6.00000000e-02  6.10000000e-02
  6.20000000e-02  6.30000000e-02  6.40000000e-02  6.50000000e-02
  6.60000000e-02  6.70000000e-02  6.80000000e-02  6.90000000e-02
  7.00000000e-02  7.10000000e-02  7.20000000e-02  7.30000000e-02
  7.40000000e-02  7.50000000e-02  7.60000000e-02  7.70000000e-02
  7.80000000e-02  7.90000000e-02  8.00000000e-02  8.10000000e-02
  8.20000000e-02  8.30000000e-02  8.40000000e-02  8.50000000e-02
  8.60000000e-02  8.70000000e-02  8.80000000e-02  8.90000000e-02
  9.00000000e-02  9.10000000e-02  9.20000000e-02  9.30000000e-02
  9.40000000e-02  9.50000000e-02  9.60000000e-02  9.70000000e-02
  9.80000000e-02  9.90000000e-02  1.00000000e-01  1.01000000e-01
  1.02000000e-01  1.03000000e-01  1.04000000e-01  1.05000000e-01
  1.06000000e-01  1.07000000e-01  1.08000000e-01  1.09000000e-01
  1.10000000e-01  1.11000000e-01  1.12000000e-01  1.13000000e-01
  1.14000000e-01  1.15000000e-01  1.16000000e-01  1.17000000e-01
  1.18000000e-01  1.19000000e-01  1.20000000e-01  1.21000000e-01
  1.22000000e-01  1.23000000e-01  1.24000000e-01  1.25000000e-01
  1.26000000e-01  1.27000000e-01  1.28000000e-01  1.29000000e-01
  1.30000000e-01  1.31000000e-01  1.32000000e-01  1.33000000e-01
  1.34000000e-01  1.35000000e-01  1.36000000e-01  1.37000000e-01
  1.38000000e-01  1.39000000e-01  1.40000000e-01  1.41000000e-01
  1.42000000e-01  1.43000000e-01  1.44000000e-01  1.45000000e-01
  1.46000000e-01  1.47000000e-01  1.48000000e-01  1.49000000e-01
  1.50000000e-01]
sigma_orth_min : -0.15
sigma_orth_max : 0.15
sigma_orth_step : 0.001
sigma_orth_grid : [-1.50000000e-01 -1.49000000e-01 -1.48000000e-01 -1.47000000e-01
 -1.46000000e-01 -1.45000000e-01 -1.44000000e-01 -1.43000000e-01
 -1.42000000e-01 -1.41000000e-01 -1.40000000e-01 -1.39000000e-01
 -1.38000000e-01 -1.37000000e-01 -1.36000000e-01 -1.35000000e-01
 -1.34000000e-01 -1.33000000e-01 -1.32000000e-01 -1.31000000e-01
 -1.30000000e-01 -1.29000000e-01 -1.28000000e-01 -1.27000000e-01
 -1.26000000e-01 -1.25000000e-01 -1.24000000e-01 -1.23000000e-01
 -1.22000000e-01 -1.21000000e-01 -1.20000000e-01 -1.19000000e-01
 -1.18000000e-01 -1.17000000e-01 -1.16000000e-01 -1.15000000e-01
 -1.14000000e-01 -1.13000000e-01 -1.12000000e-01 -1.11000000e-01
 -1.10000000e-01 -1.09000000e-01 -1.08000000e-01 -1.07000000e-01
 -1.06000000e-01 -1.05000000e-01 -1.04000000e-01 -1.03000000e-01
 -1.02000000e-01 -1.01000000e-01 -1.00000000e-01 -9.90000000e-02
 -9.80000000e-02 -9.70000000e-02 -9.60000000e-02 -9.50000000e-02
 -9.40000000e-02 -9.30000000e-02 -9.20000000e-02 -9.10000000e-02
 -9.00000000e-02 -8.90000000e-02 -8.80000000e-02 -8.70000000e-02
 -8.60000000e-02 -8.50000000e-02 -8.40000000e-02 -8.30000000e-02
 -8.20000000e-02 -8.10000000e-02 -8.00000000e-02 -7.90000000e-02
 -7.80000000e-02 -7.70000000e-02 -7.60000000e-02 -7.50000000e-02
 -7.40000000e-02 -7.30000000e-02 -7.20000000e-02 -7.10000000e-02
 -7.00000000e-02 -6.90000000e-02 -6.80000000e-02 -6.70000000e-02
 -6.60000000e-02 -6.50000000e-02 -6.40000000e-02 -6.30000000e-02
 -6.20000000e-02 -6.10000000e-02 -6.00000000e-02 -5.90000000e-02
 -5.80000000e-02 -5.70000000e-02 -5.60000000e-02 -5.50000000e-02
 -5.40000000e-02 -5.30000000e-02 -5.20000000e-02 -5.10000000e-02
 -5.00000000e-02 -4.90000000e-02 -4.80000000e-02 -4.70000000e-02
 -4.60000000e-02 -4.50000000e-02 -4.40000000e-02 -4.30000000e-02
 -4.20000000e-02 -4.10000000e-02 -4.00000000e-02 -3.90000000e-02
 -3.80000000e-02 -3.70000000e-02 -3.60000000e-02 -3.50000000e-02
 -3.40000000e-02 -3.30000000e-02 -3.20000000e-02 -3.10000000e-02
 -3.00000000e-02 -2.90000000e-02 -2.80000000e-02 -2.70000000e-02
 -2.60000000e-02 -2.50000000e-02 -2.40000000e-02 -2.30000000e-02
 -2.20000000e-02 -2.10000000e-02 -2.00000000e-02 -1.90000000e-02
 -1.80000000e-02 -1.70000000e-02 -1.60000000e-02 -1.50000000e-02
 -1.40000000e-02 -1.30000000e-02 -1.20000000e-02 -1.10000000e-02
 -1.00000000e-02 -9.00000000e-03 -8.00000000e-03 -7.00000000e-03
 -6.00000000e-03 -5.00000000e-03 -4.00000000e-03 -3.00000000e-03
 -2.00000000e-03 -1.00000000e-03  1.38777878e-16  1.00000000e-03
  2.00000000e-03  3.00000000e-03  4.00000000e-03  5.00000000e-03
  6.00000000e-03  7.00000000e-03  8.00000000e-03  9.00000000e-03
  1.00000000e-02  1.10000000e-02  1.20000000e-02  1.30000000e-02
  1.40000000e-02  1.50000000e-02  1.60000000e-02  1.70000000e-02
  1.80000000e-02  1.90000000e-02  2.00000000e-02  2.10000000e-02
  2.20000000e-02  2.30000000e-02  2.40000000e-02  2.50000000e-02
  2.60000000e-02  2.70000000e-02  2.80000000e-02  2.90000000e-02
  3.00000000e-02  3.10000000e-02  3.20000000e-02  3.30000000e-02
  3.40000000e-02  3.50000000e-02  3.60000000e-02  3.70000000e-02
  3.80000000e-02  3.90000000e-02  4.00000000e-02  4.10000000e-02
  4.20000000e-02  4.30000000e-02  4.40000000e-02  4.50000000e-02
  4.60000000e-02  4.70000000e-02  4.80000000e-02  4.90000000e-02
  5.00000000e-02  5.10000000e-02  5.20000000e-02  5.30000000e-02
  5.40000000e-02  5.50000000e-02  5.60000000e-02  5.70000000e-02
  5.80000000e-02  5.90000000e-02  6.00000000e-02  6.10000000e-02
  6.20000000e-02  6.30000000e-02  6.40000000e-02  6.50000000e-02
  6.60000000e-02  6.70000000e-02  6.80000000e-02  6.90000000e-02
  7.00000000e-02  7.10000000e-02  7.20000000e-02  7.30000000e-02
  7.40000000e-02  7.50000000e-02  7.60000000e-02  7.70000000e-02
  7.80000000e-02  7.90000000e-02  8.00000000e-02  8.10000000e-02
  8.20000000e-02  8.30000000e-02  8.40000000e-02  8.50000000e-02
  8.60000000e-02  8.70000000e-02  8.80000000e-02  8.90000000e-02
  9.00000000e-02  9.10000000e-02  9.20000000e-02  9.30000000e-02
  9.40000000e-02  9.50000000e-02  9.60000000e-02  9.70000000e-02
  9.80000000e-02  9.90000000e-02  1.00000000e-01  1.01000000e-01
  1.02000000e-01  1.03000000e-01  1.04000000e-01  1.05000000e-01
  1.06000000e-01  1.07000000e-01  1.08000000e-01  1.09000000e-01
  1.10000000e-01  1.11000000e-01  1.12000000e-01  1.13000000e-01
  1.14000000e-01  1.15000000e-01  1.16000000e-01  1.17000000e-01
  1.18000000e-01  1.19000000e-01  1.20000000e-01  1.21000000e-01
  1.22000000e-01  1.23000000e-01  1.24000000e-01  1.25000000e-01
  1.26000000e-01  1.27000000e-01  1.28000000e-01  1.29000000e-01
  1.30000000e-01  1.31000000e-01  1.32000000e-01  1.33000000e-01
  1.34000000e-01  1.35000000e-01  1.36000000e-01  1.37000000e-01
  1.38000000e-01  1.39000000e-01  1.40000000e-01  1.41000000e-01
  1.42000000e-01  1.43000000e-01  1.44000000e-01  1.45000000e-01
  1.46000000e-01  1.47000000e-01  1.48000000e-01  1.49000000e-01
  1.50000000e-01]
mf_use_sigma_orth : True
mf_alpha : 7579075.0
mf_r_av_corr : 1.0
mf_f_corr : 2.4
hb_term : default
hb_c : 27488747.0
hb_c_T : 1.5
hb_sigma_thresh : 0.007686
hb_don_elmnt_nr_arr : [  1 100 101 102 103 104 105 106 107 108 109 110 111 112 113 114 115 116
 117 118 119 120 121 122 123 124 125 126 127 128 129 130 131 132 133 134
 135 136 137 138 139 140 141 142 143 144 145 146 147 148 149 150]
hb_acc_elmnt_nr_arr : [ 6  7  8  9 15 16 17 35 53]
hb_pref_arr : [1. 1. 1. 1. 1. 1. 1. 1. 1. 1. 1. 1. 1. 1. 1. 1. 1. 1. 1. 1. 1. 1. 1. 1.
 1. 1. 1. 1. 1. 1. 1. 1. 1. 1. 1. 1. 1. 1. 1. 1. 1. 1. 1. 1. 1. 1. 1. 1.
 1. 1. 1. 1. 1. 1. 1. 1. 1. 1. 1. 1. 1. 1. 1. 1. 1. 1. 1. 1. 1. 1. 1. 1.
 1. 1. 1. 1. 1. 1. 1. 1. 1. 1. 1. 1. 1. 1. 1. 1. 1. 1. 1. 1. 1. 1. 1. 1.
 1. 1. 1. 1. 1. 1. 1. 1. 1. 1. 1. 1. 1. 1. 1. 1. 1. 1. 1. 1. 1. 1. 1. 1.
 1. 1. 1. 1. 1. 1. 1. 1. 1. 1. 1. 1. 1. 1. 1. 1. 1. 1. 1. 1. 1. 1. 1. 1.
 1. 1. 1. 1. 1. 1. 1. 1. 1. 1. 1. 1. 1. 1. 1. 1. 1. 1. 1. 1. 1. 1. 1. 1.
 1. 1. 1. 1. 1. 1. 1. 1. 1. 1. 1. 1. 1. 1. 1. 1. 1. 1. 1. 1. 1. 1. 1. 1.
 1. 1. 1. 1. 1. 1. 1. 1. 1.]
comb_term : staverman_guggenheim
comb_sg_z_coord : 10.0
comb_sg_a_std : 47.999
calculate_contact_statistics_molecule_properties : True
cosmospace_max_iter : 1000
cosmospace_conv_thresh : 1e-06
name : default_orca
